69,35
10,258
10,276
10,198
10,76
10,278
10,24
10,310
10,172
11,27
11,15
11,9
11,4
11,7
9,2
9,3
8,6
8,15
8,17
8,12
8,18
8,14
63,3
63,2
63,1
63,0
61,5
61,4
61,3
61,2
61,1
61,0
60,3
60,2
60,1
60,0
20,3
20,2
20,1
19,3
19,2
19,1
12,3
12,2
12,1
11,30
11,29
11,28
11,26
11,25
11,23
11,18
11,17
11,16
11,14
11,13
11,12
11,11
11,10
11,8
11,3
11,2
18,1
11,1
18,3
10,308
10,303
10,298
10,291
10,285
10,280
10,267
14,1
10,249
14,3
10,235
10,225
13,1
10,223
13,3
10,211
10,207
10,205
10,190
10,186
10,157
10,151
10,134
10,133
10,128
10,119
10,112
10,103
10,99
10,95
10,81
